------- AERODYN v15.00.* BLADE DEFINITION INPUT FILE -------------------------------------
NREL 5.0 MW offshore baseline aerodynamic blade input properties; note that we need to add the aerodynamic center to this file
======  Blade Properties =================================================================
600      19   NumBlNds           - Number of blade nodes used in the analysis (-)
  BlSpn        BlCrvAC        BlSwpAC        BlCrvAng       BlTwist        BlChord          BlAFID
   (m)           (m)            (m)            (deg)         (deg)           (m)              (-)
0    0    0    0    13.308    3.542    1
0.1026709516    -6.124930009e-05    -0.0002589412783    0    13.308    3.542    1
0.2053419032    -0.0001224986002    -0.0005178825567    0    13.308    3.542    1
0.3080128548    -0.0001837479003    -0.000776823835    0    13.308    3.542    1
0.4106838063    -0.0002449972004    -0.001035765113    0    13.308    3.542    1
0.5133547579    -0.0003062465005    -0.001294706392    0    13.308    3.542    1
0.6160257095    -0.0003674958006    -0.00155364767    0    13.308    3.542    1
0.7186966611    -0.0004287451006    -0.001812588948    0    13.308    3.542    1
0.8213676127    -0.0004899944007    -0.002071530227    0    13.308    3.542    1
0.9240385643    -0.0005512437008    -0.002330471505    0    13.308    3.542    1
1.026709516    -0.0006124930009    -0.002589412783    0    13.308    3.542    1
1.129380467    -0.000673742301    -0.002848354062    0    13.308    3.542    1
1.232051419    -0.0007349916011    -0.00310729534    0    13.308    3.542    1
1.334722371    -0.0007962409012    -0.003366236618    0    13.308    3.542    1
1.437393322    -0.001436679825    -0.006073795241    0    13.308    3.550069483    1
1.540064274    -0.002339111119    -0.009888968777    0    13.308    3.561789139    1
1.642735225    -0.003241542414    -0.01370414231    0    13.308    3.573508795    1
1.745406177    -0.004143973709    -0.01751931585    0    13.308    3.585228452    1
1.848077129    -0.005046405004    -0.02133448938    0    13.308    3.596948108    1
1.95074808    -0.005948836299    -0.02514966292    0    13.308    3.608667765    1
2.053419032    -0.006851267593    -0.02896483646    0    13.308    3.620387421    1
2.156089983    -0.007753698888    -0.03278000999    0    13.308    3.632107077    1
2.258760935    -0.008656130183    -0.03659518353    0    13.308    3.643826734    1
2.361431886    -0.009558561478    -0.04041035706    0    13.308    3.65554639    1
2.464102838    -0.01046099277    -0.0442255306    0    13.308    3.667266047    1
2.56677379    -0.01136342407    -0.04804070414    0    13.308    3.678985703    1
2.669444741    -0.01226585536    -0.05185587767    0    13.308    3.69070536    1
2.772115693    -0.01316828666    -0.05567105121    0    13.308    3.702425016    1
2.874786644    -0.01407071795    -0.05948622474    0    13.308    3.714144672    1
2.977457596    -0.01497314925    -0.06330139828    0    13.308    3.725864329    1
3.080128548    -0.01587558054    -0.06711657182    0    13.308    3.737583985    1
3.182799499    -0.01677801184    -0.07093174535    0    13.308    3.749303642    1
3.285470451    -0.01768044313    -0.07474691889    0    13.308    3.761023298    1
3.388141402    -0.01858287443    -0.07856209242    0    13.308    3.772742954    1
3.490812354    -0.01948530572    -0.08237726596    0    13.308    3.784462611    1
3.593483306    -0.02038773702    -0.08619243949    0    13.308    3.796182267    1
3.696154257    -0.02129016831    -0.09000761303    0    13.308    3.807901924    1
3.798825209    -0.0221925996    -0.09382278657    0    13.308    3.81962158    1
3.90149616    -0.0230950309    -0.0976379601    0    13.308    3.831341237    1
4.004167112    -0.02399746219    -0.1014531336    0    13.308    3.843060893    1
4.106838063    -0.02492642495    -0.1053804732    0    13.308    3.854783051    1
4.209509015    -0.02622721609    -0.110879777    0    13.308    3.866540271    1
4.312179967    -0.02752800724    -0.1163790807    0    13.308    3.87829749    1
4.414850918    -0.02882879839    -0.1218783845    0    13.308    3.890054709    1
4.51752187    -0.03012958954    -0.1273776883    0    13.308    3.901811929    1
4.620192821    -0.03143038069    -0.1328769921    0    13.308    3.913569148    1
4.722863773    -0.03273117183    -0.1383762959    0    13.308    3.925326368    1
4.825534725    -0.03403196298    -0.1438755996    0    13.308    3.937083587    1
4.928205676    -0.03533275413    -0.1493749034    0    13.308    3.948840807    1
5.030876628    -0.03663354528    -0.1548742072    0    13.308    3.960598026    1
5.133547579    -0.03793433643    -0.160373511    0    13.308    3.972355245    1
5.236218531    -0.03923512758    -0.1658728148    0    13.308    3.984112465    1
5.338889482    -0.04053591872    -0.1713721186    0    13.308    3.995869684    1
5.441560434    -0.04183670987    -0.1768714223    0    13.308    4.007626904    1
5.544231386    -0.04313750102    -0.1823707261    0    13.308    4.019384123    2
5.646902337    -0.04443829217    -0.1878700299    0    13.308    4.031141343    2
5.749573289    -0.04573908332    -0.1933693337    0    13.308    4.042898562    2
5.85224424    -0.04703987446    -0.1988686375    0    13.308    4.054655781    2
5.954915192    -0.04834066561    -0.2043679412    0    13.308    4.066413001    2
6.057586144    -0.04964145676    -0.209867245    0    13.308    4.07817022    2
6.160257095    -0.05094224791    -0.2153665488    0    13.308    4.08992744    2
6.262928047    -0.05224303906    -0.2208658526    0    13.308    4.101684659    2
6.365598998    -0.0535438302    -0.2263651564    0    13.308    4.113441878    2
6.46826995    -0.05484462135    -0.2318644602    0    13.308    4.125199098    2
6.570940902    -0.0561454125    -0.2373637639    0    13.308    4.136956317    2
6.673611853    -0.05744620365    -0.2428630677    0    13.308    4.148713537    2
6.776282805    -0.0587469948    -0.2483623715    0    13.308    4.160470756    2
6.878953756    -0.06013242188    -0.2542194874    0    13.308    4.172211158    2
6.981624708    -0.06162355121    -0.2605234766    0    13.308    4.183930558    2
7.084295659    -0.06311468053    -0.2668274659    0    13.308    4.195649957    2
7.186966611    -0.06460580985    -0.2731314551    0    13.308    4.207369356    2
7.289637563    -0.06609693917    -0.2794354443    0    13.308    4.219088755    2
7.392308514    -0.06758806849    -0.2857394335    0    13.308    4.230808154    2
7.494979466    -0.06907919781    -0.2920434227    0    13.308    4.242527553    2
7.597650417    -0.07057032714    -0.2983474119    0    13.308    4.254246953    2
7.700321369    -0.07206145646    -0.3046514012    0    13.308    4.265966352    2
7.802992321    -0.07355258578    -0.3109553904    0    13.308    4.277685751    2
7.905663272    -0.0750437151    -0.3172593796    0    13.308    4.28940515    2
8.008334224    -0.07653484442    -0.3235633688    0    13.308    4.301124549    2
8.111005175    -0.07802597374    -0.329867358    0    13.308    4.312843948    2
8.213676127    -0.07951710307    -0.3361713472    0    13.308    4.324563348    2
8.316347078    -0.08100823239    -0.3424753364    0    13.308    4.336282747    2
8.41901803    -0.08249936171    -0.3487793257    0    13.308    4.348002146    2
8.521688982    -0.08399049103    -0.3550833149    0    13.308    4.359721545    2
8.624359933    -0.08548162035    -0.3613873041    0    13.308    4.371440944    3
8.727030885    -0.08697274967    -0.3676912933    0    13.308    4.383160343    3
8.829701836    -0.08846387899    -0.3739952825    0    13.308    4.394879742    3
8.932372788    -0.08995500832    -0.3802992717    0    13.308    4.406599142    3
9.03504374    -0.09144613764    -0.386603261    0    13.308    4.418318541    3
9.137714691    -0.09293726696    -0.3929072502    0    13.308    4.43003794    3
9.240385643    -0.09442839628    -0.3992112394    0    13.308    4.441757339    3
9.343056594    -0.0959195256    -0.4055152286    0    13.308    4.453476738    3
9.445727546    -0.09741065492    -0.4118192178    0    13.308    4.465196137    3
9.548398497    -0.09890178425    -0.418123207    0    13.308    4.476915537    3
9.651069449    -0.1003929136    -0.4244271962    0    13.308    4.488634936    3
9.753740401    -0.1018840429    -0.4307311855    0    13.308    4.500354335    3
9.856411352    -0.1033751722    -0.4370351747    0    13.308    4.512073734    3
9.959082304    -0.1048663015    -0.4433391639    0    13.308    4.523793133    3
10.06175326    -0.1063574309    -0.4496431531    0    13.308    4.535512532    3
10.16442421    -0.1078485602    -0.4559471423    0    13.308    4.547231932    3
10.26709516    -0.1091191047    -0.4616545749    0    13.30037806    4.557396107    3
10.36976611    -0.1092854349    -0.4643757348    0    13.25460184    4.559775068    3
10.47243706    -0.1094517651    -0.4670968946    0    13.20882562    4.562154029    3
10.57510801    -0.1096180953    -0.4698180545    0    13.1630494    4.564532991    3
10.67777896    -0.1097844255    -0.4725392143    0    13.11727318    4.566911952    3
10.78044992    -0.1099507557    -0.4752603742    0    13.07149696    4.569290913    3
10.88312087    -0.1101170859    -0.477981534    0    13.02572074    4.571669874    3
10.98579182    -0.1102834161    -0.4807026939    0    12.97994453    4.574048835    3
11.08846277    -0.1104497463    -0.4834238537    0    12.93416831    4.576427796    3
11.19113372    -0.1106160765    -0.4861450136    0    12.88839209    4.578806757    3
11.29380467    -0.1107824067    -0.4888661734    0    12.84261587    4.581185718    3
11.39647563    -0.1109487369    -0.4915873333    0    12.79683965    4.583564679    3
11.49914658    -0.1111150671    -0.4943084931    0    12.75106343    4.58594364    3
11.60181753    -0.1112813973    -0.497029653    0    12.70528721    4.588322601    3
11.70448848    -0.1114477275    -0.4997508128    0    12.65951099    4.590701562    3
11.80715943    -0.1116140577    -0.5024719727    0    12.61373477    4.593080523    3
11.90983038    -0.1117803879    -0.5051931325    0    12.56795855    4.595459485    3
12.01250134    -0.111946718    -0.5079142923    0    12.52218233    4.597838446    3
12.11517229    -0.1121130482    -0.5106354522    0    12.47640611    4.600217407    3
12.21784324    -0.1122793784    -0.513356612    0    12.43062989    4.602596368    3
12.32051419    -0.1124457086    -0.5160777719    0    12.38485367    4.604975329    4
12.42318514    -0.1126120388    -0.5187989317    0    12.33907745    4.60735429    4
12.52585609    -0.112778369    -0.5215200916    0    12.29330123    4.609733251    4
12.62852705    -0.1129446992    -0.5242412514    0    12.24752502    4.612112212    4
12.731198    -0.1131110294    -0.5269624113    0    12.2017488    4.614491173    4
12.83386895    -0.1132773596    -0.5296835711    0    12.15597258    4.616870134    4
12.9365399    -0.1134436898    -0.532404731    0    12.11019636    4.619249095    4
13.03921085    -0.11361002    -0.5351258908    0    12.06442014    4.621628056    4
13.1418818    -0.1137763502    -0.5378470507    0    12.01864392    4.624007017    4
13.24455275    -0.1139426804    -0.5405682105    0    11.9728677    4.626385978    4
13.34722371    -0.1141090106    -0.5432893704    0    11.92709148    4.62876494    4
13.44989466    -0.1142753408    -0.5460105302    0    11.88131526    4.631143901    4
13.55256561    -0.114441671    -0.5487316901    0    11.83553904    4.633522862    4
13.65523656    -0.1146080012    -0.5514528499    0    11.78976282    4.635901823    4
13.75790751    -0.1147743314    -0.5541740098    0    11.7439866    4.638280784    4
13.86057846    -0.1149406616    -0.5568951696    0    11.69821038    4.640659745    4
13.96324942    -0.1151069918    -0.5596163295    0    11.65243416    4.643038706    4
14.06592037    -0.115273322    -0.5623374893    0    11.60665794    4.645417667    4
14.16859132    -0.1154396522    -0.5650586492    0    11.56088172    4.647796628    4
14.27126227    -0.1156059824    -0.567779809    0    11.5151055    4.650175589    4
14.37393322    -0.1156318715    -0.5697419736    0    11.47230634    4.65086755    4
14.47660417    -0.1151957245    -0.569207125    0    11.43930139    4.646009461    4
14.57927513    -0.1147595775    -0.5686722765    0    11.40629644    4.641151372    4
14.68194608    -0.1143234306    -0.5681374279    0    11.37329148    4.636293283    4
14.78461703    -0.1138872836    -0.5676025794    0    11.34028653    4.631435194    4
14.88728798    -0.1134511366    -0.5670677308    0    11.30728157    4.626577105    4
14.98995893    -0.1130149896    -0.5665328823    0    11.27427662    4.621719016    4
15.09262988    -0.1125788426    -0.5659980337    0    11.24127166    4.616860927    4
15.19530083    -0.1121426957    -0.5654631852    0    11.20826671    4.612002839    4
15.29797179    -0.1117065487    -0.5649283366    0    11.17526175    4.60714475    4
15.40064274    -0.1112704017    -0.5643934881    0    11.1422568    4.602286661    4
15.50331369    -0.1108342547    -0.5638586396    0    11.10925184    4.597428572    4
15.60598464    -0.1103981077    -0.563323791    0    11.07624689    4.592570483    4
15.70865559    -0.1099619608    -0.5627889425    0    11.04324193    4.587712394    4
15.81132654    -0.1095258138    -0.5622540939    0    11.01023698    4.582854305    4
15.9139975    -0.1090896668    -0.5617192454    0    10.97723202    4.577996216    4
16.01666845    -0.1086535198    -0.5611843968    0    10.94422707    4.573138127    4
16.1193394    -0.1082173729    -0.5606495483    0    10.91122212    4.568280038    4
16.22201035    -0.1077812259    -0.5601146997    0    10.87821716    4.563421949    4
16.3246813    -0.1073450789    -0.5595798512    0    10.84521221    4.55856386    4
16.42735225    -0.1069089319    -0.5590450026    0    10.81220725    4.553705771    4
16.53002321    -0.1064727849    -0.5585101541    0    10.7792023    4.548847682    4
16.63269416    -0.106036638    -0.5579753055    0    10.74619734    4.543989594    4
16.73536511    -0.105600491    -0.557440457    0    10.71319239    4.539131505    4
16.83803606    -0.105164344    -0.5569056085    0    10.68018743    4.534273416    4
16.94070701    -0.104728197    -0.5563707599    0    10.64718248    4.529415327    4
17.04337796    -0.10429205    -0.5558359114    0    10.61417752    4.524557238    4
17.14604891    -0.1038559031    -0.5553010628    0    10.58117257    4.519699149    4
17.24871987    -0.1034197561    -0.5547662143    0    10.54816761    4.51484106    4
17.35139082    -0.1029836091    -0.5542313657    0    10.51516266    4.509982971    4
17.45406177    -0.1025474621    -0.5536965172    0    10.4821577    4.505124882    4
17.55673272    -0.1021113152    -0.5531616686    0    10.44915275    4.500266793    4
17.65940367    -0.1016751682    -0.5526268201    0    10.41614779    4.495408704    4
17.76207462    -0.1012390212    -0.5520919715    0    10.38314284    4.490550615    4
17.86474558    -0.1008028742    -0.551557123    0    10.35013789    4.485692526    4
17.96741653    -0.1003667272    -0.5510222744    0    10.31713293    4.480834437    4
18.07008748    -0.09993058026    -0.5504874259    0    10.28412798    4.475976349    4
18.17275843    -0.09949443328    -0.5499525774    0    10.25112302    4.47111826    4
18.27542938    -0.0990582863    -0.5494177288    0    10.21811807    4.466260171    4
18.37810033    -0.09862213933    -0.5488828803    0    10.18511311    4.461402082    4
18.48077129    -0.09820315739    -0.5483286683    0    10.15336152    4.456431415    4
18.58344224    -0.097824283    -0.5477292122    0    10.12453853    4.451197701    4
18.68611319    -0.0974454086    -0.5471297561    0    10.09571554    4.445963986    4
18.78878414    -0.09706653421    -0.5465303    0    10.06689255    4.440730272    4
18.89145509    -0.09668765982    -0.5459308438    0    10.03806956    4.435496558    4
18.99412604    -0.09630878543    -0.5453313877    0    10.00924657    4.430262843    4
19.09679699    -0.09592991103    -0.5447319316    0    9.980423575    4.425029129    4
19.19946795    -0.09555103664    -0.5441324755    0    9.951600584    4.419795414    4
19.3021389    -0.09517216225    -0.5435330194    0    9.922777592    4.4145617    4
19.40480985    -0.09479328786    -0.5429335632    0    9.893954601    4.409327986    4
19.5074808    -0.09441441346    -0.5423341071    0    9.865131609    4.404094271    4
19.61015175    -0.09403553907    -0.541734651    0    9.836308618    4.398860557    4
19.7128227    -0.09365666468    -0.5411351949    0    9.807485626    4.393626843    4
19.81549366    -0.09327779029    -0.5405357388    0    9.778662635    4.388393128    4
19.91816461    -0.0928989159    -0.5399362826    0    9.749839643    4.383159414    4
20.02083556    -0.0925200415    -0.5393368265    0    9.721016652    4.3779257    4
20.12350651    -0.09214116711    -0.5387373704    0    9.69219366    4.372691985    4
20.22617746    -0.09176229272    -0.5381379143    0    9.663370668    4.367458271    4
20.32884841    -0.09138341833    -0.5375384582    0    9.634547677    4.362224556    4
20.43151937    -0.09100454393    -0.536939002    0    9.605724685    4.356990842    4
20.53419032    -0.09062566954    -0.5363395459    0    9.576901694    4.351757128    5
20.63686127    -0.09024679515    -0.5357400898    0    9.548078702    4.346523413    5
20.73953222    -0.08986792076    -0.5351406337    0    9.519255711    4.341289699    5
20.84220317    -0.08948904637    -0.5345411776    0    9.490432719    4.336055985    5
20.94487412    -0.08911017197    -0.5339417214    0    9.461609728    4.33082227    5
21.04754508    -0.08873129758    -0.5333422653    0    9.432786736    4.325588556    5
21.15021603    -0.08835242319    -0.5327428092    0    9.403963745    4.320354842    5
21.25288698    -0.0879735488    -0.5321433531    0    9.375140753    4.315121127    5
21.35555793    -0.0875946744    -0.531543897    0    9.346317762    4.309887413    5
21.45822888    -0.08721580001    -0.5309444408    0    9.31749477    4.304653698    5
21.56089983    -0.08683692562    -0.5303449847    0    9.288671779    4.299419984    5
21.66357078    -0.08645805123    -0.5297455286    0    9.259848787    4.29418627    5
21.76624174    -0.08607917683    -0.5291460725    0    9.231025796    4.288952555    5
21.86891269    -0.08570030244    -0.5285466163    0    9.202202804    4.283718841    5
21.97158364    -0.08532142805    -0.5279471602    0    9.173379812    4.278485127    5
22.07425459    -0.08494255366    -0.5273477041    0    9.144556821    4.273251412    5
22.17692554    -0.08456367927    -0.526748248    0    9.115733829    4.268017698    5
22.27959649    -0.08418480487    -0.5261487919    0    9.086910838    4.262783984    5
22.38226745    -0.08380593048    -0.5255493357    0    9.058087846    4.257550269    5
22.4849384    -0.08342705609    -0.5249498796    0    9.029264855    4.252316555    5
22.58760935    -0.08304704431    -0.5243102004    0    8.999845617    4.246780131    5
22.6902803    -0.08266506492    -0.5236009379    0    8.969394916    4.240720041    5
22.79295125    -0.08228308553    -0.5228916755    0    8.938944214    4.23465995    5
22.8956222    -0.08190110615    -0.522182413    0    8.908493512    4.22859986    5
22.99829316    -0.08151912676    -0.5214731506    0    8.878042811    4.22253977    5
23.10096411    -0.08113714737    -0.5207638881    0    8.847592109    4.21647968    5
23.20363506    -0.08075516798    -0.5200546257    0    8.817141407    4.210419589    5
23.30630601    -0.0803731886    -0.5193453632    0    8.786690705    4.204359499    5
23.40897696    -0.07999120921    -0.5186361008    0    8.756240004    4.198299409    5
23.51164791    -0.07960922982    -0.5179268383    0    8.725789302    4.192239318    5
23.61431886    -0.07922725043    -0.5172175759    0    8.6953386    4.186179228    5
23.71698982    -0.07884527105    -0.5165083134    0    8.664887898    4.180119138    5
23.81966077    -0.07846329166    -0.515799051    0    8.634437197    4.174059047    5
23.92233172    -0.07808131227    -0.5150897885    0    8.603986495    4.167998957    5
24.02500267    -0.07769933289    -0.5143805261    0    8.573535793    4.161938867    5
24.12767362    -0.0773173535    -0.5136712636    0    8.543085091    4.155878776    5
24.23034457    -0.07693537411    -0.5129620012    0    8.51263439    4.149818686    5
24.33301553    -0.07655339472    -0.5122527387    0    8.482183688    4.143758596    5
24.43568648    -0.07617141534    -0.5115434762    0    8.451732986    4.137698505    5
24.53835743    -0.07578943595    -0.5108342138    0    8.421282284    4.131638415    5
24.64102838    -0.07540745656    -0.5101249513    0    8.390831583    4.125578325    6
24.74369933    -0.07502547717    -0.5094156889    0    8.360380881    4.119518235    6
24.84637028    -0.07464349779    -0.5087064264    0    8.329930179    4.113458144    6
24.94904124    -0.0742615184    -0.507997164    0    8.299479478    4.107398054    6
25.05171219    -0.07387953901    -0.5072879015    0    8.269028776    4.101337964    6
25.15438314    -0.07349755963    -0.5065786391    0    8.238578074    4.095277873    6
25.25705409    -0.07311558024    -0.5058693766    0    8.208127372    4.089217783    6
25.35972504    -0.07273360085    -0.5051601142    0    8.177676671    4.083157693    6
25.46239599    -0.07235162146    -0.5044508517    0    8.147225969    4.077097602    6
25.56506694    -0.07196964208    -0.5037415893    0    8.116775267    4.071037512    6
25.6677379    -0.07158766269    -0.5030323268    0    8.086324565    4.064977422    6
25.77040885    -0.0712056833    -0.5023230644    0    8.055873864    4.058917331    6
25.8730798    -0.07082370392    -0.5016138019    0    8.025423162    4.052857241    6
25.97575075    -0.07044172453    -0.5009045395    0    7.99497246    4.046797151    6
26.0784217    -0.07005974514    -0.500195277    0    7.964521758    4.04073706    6
26.18109265    -0.06967776575    -0.4994860146    0    7.934071057    4.03467697    6
26.28376361    -0.06929578637    -0.4987767521    0    7.903620355    4.02861688    6
26.38643456    -0.06891380698    -0.4980674896    0    7.873169653    4.02255679    6
26.48910551    -0.06853182759    -0.4973582272    0    7.842718951    4.016496699    6
26.59177646    -0.0681498482    -0.4966489647    0    7.81226825    4.010436609    6
26.69444741    -0.06777560551    -0.495912861    0    7.781438119    4.004192224    6
26.79711836    -0.06741149743    -0.4951415969    0    7.750110958    3.997706425    6
26.89978932    -0.06704738935    -0.4943703327    0    7.718783797    3.991220626    6
27.00246027    -0.06668328127    -0.4935990685    0    7.687456636    3.984734827    6
27.10513122    -0.06631917318    -0.4928278043    0    7.656129474    3.978249028    6
27.20780217    -0.0659550651    -0.4920565401    0    7.624802313    3.971763229    6
27.31047312    -0.06559095702    -0.4912852759    0    7.593475152    3.96527743    6
27.41314407    -0.06522684894    -0.4905140117    0    7.562147991    3.95879163    6
27.51581503    -0.06486274086    -0.4897427475    0    7.53082083    3.952305831    6
27.61848598    -0.06449863278    -0.4889714833    0    7.499493669    3.945820032    6
27.72115693    -0.0641345247    -0.4882002192    0    7.468166508    3.939334233    6
27.82382788    -0.06377041662    -0.487428955    0    7.436839347    3.932848434    6
27.92649883    -0.06340630854    -0.4866576908    0    7.405512186    3.926362635    6
28.02916978    -0.06304220046    -0.4858864266    0    7.374185025    3.919876836    6
28.13184073    -0.06267809238    -0.4851151624    0    7.342857864    3.913391037    6
28.23451169    -0.0623139843    -0.4843438982    0    7.311530703    3.906905237    6
28.33718264    -0.06194987622    -0.483572634    0    7.280203542    3.900419438    6
28.43985359    -0.06158576813    -0.4828013698    0    7.24887638    3.893933639    6
28.54252454    -0.06122166005    -0.4820301056    0    7.217549219    3.88744784    6
28.64519549    -0.06085755197    -0.4812588415    0    7.186222058    3.880962041    6
28.74786644    -0.06049344389    -0.4804875773    0    7.154894897    3.874476242    6
28.8505374    -0.06012933581    -0.4797163131    0    7.123567736    3.867990443    6
28.95320835    -0.05976522773    -0.4789450489    0    7.092240575    3.861504643    6
29.0558793    -0.05940111965    -0.4781737847    0    7.060913414    3.855018844    6
29.15855025    -0.05903701157    -0.4774025205    0    7.029586253    3.848533045    6
29.2612212    -0.05867290349    -0.4766312563    0    6.998259092    3.842047246    6
29.36389215    -0.05830879541    -0.4758599921    0    6.966931931    3.835561447    6
29.46656311    -0.05794468733    -0.475088728    0    6.93560477    3.829075648    6
29.56923406    -0.05758057925    -0.4743174638    0    6.904277609    3.822589849    6
29.67190501    -0.05721647117    -0.4735461996    0    6.872950447    3.816104049    6
29.77457596    -0.05685236309    -0.4727749354    0    6.841623286    3.80961825    6
29.87724691    -0.056488255    -0.4720036712    0    6.810296125    3.803132451    6
29.97991786    -0.05612414692    -0.471232407    0    6.778968964    3.796646652    6
30.08258881    -0.05576003884    -0.4704611428    0    6.747641803    3.790160853    6
30.18525977    -0.05539593076    -0.4696898786    0    6.716314642    3.783675054    6
30.28793072    -0.05503182268    -0.4689186144    0    6.684987481    3.777189255    6
30.39060167    -0.0546677146    -0.4681473503    0    6.65366032    3.770703456    6
30.49327262    -0.05430360652    -0.4673760861    0    6.622333159    3.764217656    6
30.59594357    -0.05393949844    -0.4666048219    0    6.591005998    3.757731857    6
30.69861452    -0.05357539036    -0.4658335577    0    6.559678837    3.751246058    6
30.80128548    -0.05323687716    -0.4650771393    0    6.529202264    3.744922871    6
30.90395643    -0.05292400874    -0.4643355956    0    6.499577938    3.738762614    6
31.00662738    -0.05261114033    -0.4635940519    0    6.469953612    3.732602357    6
31.10929833    -0.05229827191    -0.4628525082    0    6.440329287    3.7264421    6
31.21196928    -0.0519854035    -0.4621109645    0    6.410704961    3.720281843    6
31.31464023    -0.05167253509    -0.4613694208    0    6.381080635    3.714121586    6
31.41731119    -0.05135966667    -0.4606278771    0    6.351456309    3.707961329    6
31.51998214    -0.05104679826    -0.4598863334    0    6.321831983    3.701801072    6
31.62265309    -0.05073392984    -0.4591447897    0    6.292207658    3.695640815    6
31.72532404    -0.05042106143    -0.458403246    0    6.262583332    3.689480558    6
31.82799499    -0.05010819301    -0.4576617023    0    6.232959006    3.683320301    6
31.93066594    -0.0497953246    -0.4569201585    0    6.20333468    3.677160043    6
32.03333689    -0.04948245618    -0.4561786148    0    6.173710354    3.670999786    6
32.13600785    -0.04916958777    -0.4554370711    0    6.144086029    3.664839529    6
32.2386788    -0.04885671935    -0.4546955274    0    6.114461703    3.658679272    6
32.34134975    -0.04854385094    -0.4539539837    0    6.084837377    3.652519015    6
32.4440207    -0.04823098253    -0.45321244    0    6.055213051    3.646358758    6
32.54669165    -0.04791811411    -0.4524708963    0    6.025588726    3.640198501    6
32.6493626    -0.0476052457    -0.4517293526    0    5.9959644    3.634038244    6
32.75203356    -0.04729237728    -0.4509878089    0    5.966340074    3.627877987    6
32.85470451    -0.04697950887    -0.4502462652    0    5.936715748    3.62171773    7
32.95737546    -0.04666664045    -0.4495047215    0    5.907091422    3.615557472    7
33.06004641    -0.04635377204    -0.4487631778    0    5.877467097    3.609397215    7
33.16271736    -0.04604090362    -0.4480216341    0    5.847842771    3.603236958    7
33.26538831    -0.04572803521    -0.4472800904    0    5.818218445    3.597076701    7
33.36805927    -0.0454151668    -0.4465385467    0    5.788594119    3.590916444    7
33.47073022    -0.04510229838    -0.445797003    0    5.758969793    3.584756187    7
33.57340117    -0.04478942997    -0.4450554593    0    5.729345468    3.57859593    7
33.67607212    -0.04447656155    -0.4443139156    0    5.699721142    3.572435673    7
33.77874307    -0.04416369314    -0.4435723719    0    5.670096816    3.566275416    7
33.88141402    -0.04385082472    -0.4428308282    0    5.64047249    3.560115159    7
33.98408497    -0.04353795631    -0.4420892845    0    5.610848165    3.553954902    7
34.08675593    -0.04322508789    -0.4413477408    0    5.581223839    3.547794644    7
34.18942688    -0.04291221948    -0.4406061971    0    5.551599513    3.541634387    7
34.29209783    -0.04259935107    -0.4398646534    0    5.521975187    3.53547413    7
34.39476878    -0.04228648265    -0.4391231097    0    5.492350861    3.529313873    7
34.49743973    -0.04197361424    -0.438381566    0    5.462726536    3.523153616    7
34.60011068    -0.04166074582    -0.4376400223    0    5.43310221    3.516993359    7
34.70278164    -0.04134787741    -0.4368984786    0    5.403477884    3.510833102    7
34.80545259    -0.04103500899    -0.4361569349    0    5.373853558    3.504672845    7
34.90812354    -0.0407408191    -0.4354110021    0    5.344370997    3.498512588    7
35.01079449    -0.04046094492    -0.4346617055    0    5.314997088    3.492352331    7
35.11346544    -0.04018107075    -0.4339124089    0    5.28562318    3.486192073    7
35.21613639    -0.03990119657    -0.4331631123    0    5.256249271    3.480031816    7
35.31880735    -0.03962132239    -0.4324138157    0    5.226875362    3.473871559    7
35.4214783    -0.03934144821    -0.4316645191    0    5.197501453    3.467711302    7
35.52414925    -0.03906157404    -0.4309152225    0    5.168127544    3.461551045    7
35.6268202    -0.03878169986    -0.4301659259    0    5.138753635    3.455390788    7
35.72949115    -0.03850182568    -0.4294166293    0    5.109379727    3.449230531    7
35.8321621    -0.0382219515    -0.4286673326    0    5.080005818    3.443070274    7
35.93483306    -0.03794207733    -0.427918036    0    5.050631909    3.436910017    7
36.03750401    -0.03766220315    -0.4271687394    0    5.021258    3.43074976    7
36.14017496    -0.03738232897    -0.4264194428    0    4.991884091    3.424589503    7
36.24284591    -0.03710245479    -0.4256701462    0    4.962510182    3.418429245    7
36.34551686    -0.03682258062    -0.4249208496    0    4.933136274    3.412268988    7
36.44818781    -0.03654270644    -0.424171553    0    4.903762365    3.406108731    7
36.55085876    -0.03626283226    -0.4234222564    0    4.874388456    3.399948474    7
36.65352972    -0.03598295808    -0.4226729597    0    4.845014547    3.393788217    7
36.75620067    -0.0357030839    -0.4219236631    0    4.815640638    3.38762796    7
36.85887162    -0.03542320973    -0.4211743665    0    4.786266729    3.381467703    7
36.96154257    -0.03514333555    -0.4204250699    0    4.756892821    3.375307446    7
37.06421352    -0.03486346137    -0.4196757733    0    4.727518912    3.369147189    7
37.16688447    -0.03458358719    -0.4189264767    0    4.698145003    3.362986932    7
37.26955543    -0.03430371302    -0.4181771801    0    4.668771094    3.356826674    7
37.37222638    -0.03402383884    -0.4174278835    0    4.639397185    3.350666417    7
37.47489733    -0.03374396466    -0.4166785869    0    4.610023276    3.34450616    7
37.57756828    -0.03346409048    -0.4159292902    0    4.580649368    3.338345903    7
37.68023923    -0.03318421631    -0.4151799936    0    4.551275459    3.332185646    7
37.78291018    -0.03290434213    -0.414430697    0    4.52190155    3.326025389    7
37.88558114    -0.03262446795    -0.4136814004    0    4.492527641    3.319865132    7
37.98825209    -0.03234459377    -0.4129321038    0    4.463153732    3.313704875    7
38.09092304    -0.0320647196    -0.4121828072    0    4.433779823    3.307544618    7
38.19359399    -0.03178484542    -0.4114335106    0    4.404405915    3.301384361    7
38.29626494    -0.03150497124    -0.410684214    0    4.375032006    3.295224104    7
38.39893589    -0.03122509706    -0.4099349174    0    4.345658097    3.289063846    7
38.50160684    -0.03094522288    -0.4091856207    0    4.316284188    3.282903589    7
38.6042778    -0.03066534871    -0.4084363241    0    4.286910279    3.276743332    7
38.70694875    -0.03038547453    -0.4076870275    0    4.25753637    3.270583075    7
38.8096197    -0.03010560035    -0.4069377309    0    4.228162462    3.264422818    7
38.91229065    -0.02982572617    -0.4061884343    0    4.198788553    3.258262561    7
39.0149616    -0.02957697771    -0.4054343724    0    4.171157516    3.252102304    7
39.11763255    -0.02934629732    -0.4046775442    0    4.144538194    3.245942047    7
39.22030351    -0.02911561693    -0.4039207161    0    4.117918872    3.23978179    7
39.32297446    -0.02888493654    -0.4031638879    0    4.091299549    3.233621533    7
39.42564541    -0.02865425614    -0.4024070598    0    4.064680227    3.227461275    7
39.52831636    -0.02842357575    -0.4016502316    0    4.038060905    3.221301018    7
39.63098731    -0.02819289536    -0.4008934034    0    4.011441582    3.215140761    7
39.73365826    -0.02796221496    -0.4001365753    0    3.98482226    3.208980504    7
39.83632922    -0.02773153457    -0.3993797471    0    3.958202938    3.202820247    7
39.93900017    -0.02750085418    -0.398622919    0    3.931583615    3.19665999    7
40.04167112    -0.02727017379    -0.3978660908    0    3.904964293    3.190499733    7
40.14434207    -0.02703949339    -0.3971092627    0    3.878344971    3.184339476    7
40.24701302    -0.026808813    -0.3963524345    0    3.851725648    3.178179219    7
40.34968397    -0.02657813261    -0.3955956064    0    3.825106326    3.172018962    7
40.45235492    -0.02634745221    -0.3948387782    0    3.798487004    3.165858705    7
40.55502588    -0.02611677182    -0.3940819501    0    3.771867681    3.159698447    7
40.65769683    -0.02588609143    -0.3933251219    0    3.745248359    3.15353819    7
40.76036778    -0.02565541104    -0.3925682938    0    3.718629037    3.147377933    7
40.86303873    -0.02542473064    -0.3918114656    0    3.692009714    3.141217676    7
40.96570968    -0.02519405025    -0.3910546375    0    3.665390392    3.135057419    7
41.06838063    -0.02496336986    -0.3902978093    0    3.63877107    3.128897162    8
41.17105159    -0.02473268946    -0.3895409812    0    3.612151747    3.122736905    8
41.27372254    -0.02450200907    -0.388784153    0    3.585532425    3.116576648    8
41.37639349    -0.02427132868    -0.3880273249    0    3.558913103    3.110416391    8
41.47906444    -0.02404064829    -0.3872704967    0    3.53229378    3.104256134    8
41.58173539    -0.02380996789    -0.3865136686    0    3.505674458    3.098095876    8
41.68440634    -0.0235792875    -0.3857568404    0    3.479055136    3.091935619    8
41.7870773    -0.02334860711    -0.3850000123    0    3.452435813    3.085775362    8
41.88974825    -0.02311792671    -0.3842431841    0    3.425816491    3.079615105    8
41.9924192    -0.02288724632    -0.383486356    0    3.399197169    3.073454848    8
42.09509015    -0.02265656593    -0.3827295278    0    3.372577846    3.067294591    8
42.1977611    -0.02242588554    -0.3819726997    0    3.345958524    3.061134334    8
42.30043205    -0.02219520514    -0.3812158715    0    3.319339202    3.054974077    8
42.40310301    -0.02196452475    -0.3804590434    0    3.292719879    3.04881382    8
42.50577396    -0.02173384436    -0.3797022152    0    3.266100557    3.042653563    8
42.60844491    -0.02150316396    -0.378945387    0    3.239481235    3.036493306    8
42.71111586    -0.02127248357    -0.3781885589    0    3.212861912    3.030333048    8
42.81378681    -0.02104180318    -0.3774317307    0    3.18624259    3.024172791    8
42.91645776    -0.02081112279    -0.3766749026    0    3.159623268    3.018012534    8
43.01912871    -0.02058044239    -0.3759180744    0    3.133003945    3.011852277    8
43.12179967    -0.02039670819    -0.3751568553    0    3.110885236    3.00569202    8
43.22447062    -0.02023315918    -0.3743937482    0    3.09070163    2.999531763    8
43.32714157    -0.02006961016    -0.3736306411    0    3.070518023    2.993371506    8
43.42981252    -0.01990606115    -0.372867534    0    3.050334417    2.987211249    8
43.53248347    -0.01974251213    -0.3721044269    0    3.03015081    2.981050992    8
43.63515442    -0.01957896311    -0.3713413198    0    3.009967203    2.974890735    8
43.73782538    -0.0194154141    -0.3705782127    0    2.989783597    2.968730477    8
43.84049633    -0.01925186508    -0.3698151056    0    2.96959999    2.96257022    8
43.94316728    -0.01908831607    -0.3690519985    0    2.949416384    2.956409963    8
44.04583823    -0.01892476705    -0.3682888913    0    2.929232777    2.950249706    8
44.14850918    -0.01876121803    -0.3675257842    0    2.909049171    2.944089449    8
44.25118013    -0.01859766902    -0.3667626771    0    2.888865564    2.937929192    8
44.35385109    -0.01843412    -0.36599957    0    2.868681957    2.931768935    8
44.45652204    -0.01827057098    -0.3652364629    0    2.848498351    2.925608678    8
44.55919299    -0.01810702197    -0.3644733558    0    2.828314744    2.919448421    8
44.66186394    -0.01794347295    -0.3637102487    0    2.808131138    2.913288164    8
44.76453489    -0.01777992394    -0.3629471416    0    2.787947531    2.907127907    8
44.86720584    -0.01761637492    -0.3621840345    0    2.767763925    2.900967649    8
44.96987679    -0.0174528259    -0.3614209274    0    2.747580318    2.894807392    8
45.07254775    -0.01728927689    -0.3606578203    0    2.727396711    2.888647135    8
45.1752187    -0.01712572787    -0.3598947132    0    2.707213105    2.882486878    8
45.27788965    -0.01696217885    -0.3591316061    0    2.687029498    2.876326621    8
45.3805606    -0.01679862984    -0.358368499    0    2.666845892    2.870166364    8
45.48323155    -0.01663508082    -0.3576053919    0    2.646662285    2.864006107    8
45.5859025    -0.01647153181    -0.3568422848    0    2.626478678    2.85784585    8
45.68857346    -0.01630798279    -0.3560791776    0    2.606295072    2.851685593    8
45.79124441    -0.01614443377    -0.3553160705    0    2.586111465    2.845525336    8
45.89391536    -0.01598088476    -0.3545529634    0    2.565927859    2.839365078    8
45.99658631    -0.01581733574    -0.3537898563    0    2.545744252    2.833204821    8
46.09925726    -0.01565378672    -0.3530267492    0    2.525560646    2.827044564    8
46.20192821    -0.01549023771    -0.3522636421    0    2.505377039    2.820884307    8
46.30459917    -0.01532668869    -0.351500535    0    2.485193432    2.81472405    8
46.40727012    -0.01516313968    -0.3507374279    0    2.465009826    2.808563793    8
46.50994107    -0.01499959066    -0.3499743208    0    2.444826219    2.802403536    8
46.61261202    -0.01483604164    -0.3492112137    0    2.424642613    2.796243279    8
46.71528297    -0.01467249263    -0.3484481066    0    2.404459006    2.790083022    8
46.81795392    -0.01450894361    -0.3476849995    0    2.384275399    2.783922765    8
46.92062487    -0.0143453946    -0.3469218924    0    2.364091793    2.777762508    8
47.02329583    -0.01418184558    -0.3461587853    0    2.343908186    2.77160225    8
47.12596678    -0.01401829656    -0.3453956782    0    2.32372458    2.765441993    8
47.22863773    -0.01387264298    -0.3446305529    0    2.303790312    2.759281736    8
47.33130868    -0.01373245858    -0.3438648109    0    2.283932248    2.753121479    8
47.43397963    -0.01359227418    -0.3430990689    0    2.264074183    2.746961222    8
47.53665058    -0.01345208979    -0.342333327    0    2.244216119    2.740800965    8
47.63932154    -0.01331190539    -0.341567585    0    2.224358054    2.734640708    8
47.74199249    -0.013171721    -0.340801843    0    2.20449999    2.728480451    8
47.84466344    -0.0130315366    -0.340036101    0    2.184641925    2.722320194    8
47.94733439    -0.01289135221    -0.339270359    0    2.164783861    2.716159937    8
48.05000534    -0.01275116781    -0.338504617    0    2.144925796    2.709999679    8
48.15267629    -0.01261098342    -0.337738875    0    2.125067731    2.703839422    8
48.25534725    -0.01247079902    -0.336973133    0    2.105209667    2.697679165    8
48.3580182    -0.01233061462    -0.336207391    0    2.085351602    2.691518908    8
48.46068915    -0.01219043023    -0.335441649    0    2.065493538    2.685358651    8
48.5633601    -0.01205024583    -0.334675907    0    2.045635473    2.679198394    8
48.66603105    -0.01191006144    -0.333910165    0    2.025777409    2.673038137    8
48.768702    -0.01176987704    -0.333144423    0    2.005919344    2.66687788    8
48.87137295    -0.01162969265    -0.332378681    0    1.98606128    2.660717623    8
48.97404391    -0.01148950825    -0.331612939    0    1.966203215    2.654557366    8
49.07671486    -0.01134932385    -0.330847197    0    1.946345151    2.648397109    8
49.17938581    -0.01120913946    -0.3300814551    0    1.926487086    2.642236851    8
49.28205676    -0.01106895506    -0.3293157131    0    1.906629022    2.636076594    8
49.38472771    -0.01092877067    -0.3285499711    0    1.886770957    2.629916337    8
49.48739866    -0.01078858627    -0.3277842291    0    1.866912892    2.62375608    8
49.59006962    -0.01064840188    -0.3270184871    0    1.847054828    2.617595823    8
49.69274057    -0.01050821748    -0.3262527451    0    1.827196763    2.611435566    8
49.79541152    -0.01036803309    -0.3254870031    0    1.807338699    2.605275309    8
49.89808247    -0.01022784869    -0.3247212611    0    1.787480634    2.599115052    8
50.00075342    -0.01008766429    -0.3239555191    0    1.76762257    2.592954795    8
50.10342437    -0.009947479899    -0.3231897771    0    1.747764505    2.586794538    8
50.20609533    -0.009807295503    -0.3224240351    0    1.727906441    2.58063428    8
50.30876628    -0.009667111108    -0.3216582931    0    1.708048376    2.574474023    8
50.41143723    -0.009526926712    -0.3208925511    0    1.688190312    2.568313766    8
50.51410818    -0.009386742316    -0.3201268091    0    1.668332247    2.562153509    8
50.61677913    -0.009246557921    -0.3193610671    0    1.648474183    2.555993252    8
50.71945008    -0.009106373525    -0.3185953252    0    1.628616118    2.549832995    8
50.82212104    -0.00896618913    -0.3178295832    0    1.608758053    2.543672738    8
50.92479199    -0.008826004734    -0.3170638412    0    1.588899989    2.537512481    8
51.02746294    -0.008685820338    -0.3162980992    0    1.569041924    2.531352224    8
51.13013389    -0.008545635943    -0.3155323572    0    1.54918386    2.525191967    8
51.23280484    -0.008405451547    -0.3147666152    0    1.529325795    2.51903171    8
51.33547579    -0.008281222932    -0.3139992799    0    1.509413688    2.512871502    8
51.43814674    -0.00816020414    -0.3132316241    0    1.48949071    2.506711305    8
51.5408177    -0.008039185349    -0.3124639683    0    1.469567731    2.500551108    8
51.64348865    -0.007918166557    -0.3116963125    0    1.449644753    2.494390911    8
51.7461596    -0.007797147765    -0.3109286567    0    1.429721774    2.488230714    8
51.84883055    -0.007676128973    -0.3101610009    0    1.409798796    2.482070517    8
51.9515015    -0.007555110181    -0.3093933451    0    1.389875817    2.47591032    8
52.05417245    -0.007434091389    -0.3086256893    0    1.369952838    2.469750123    8
52.15684341    -0.007313072598    -0.3078580335    0    1.35002986    2.463589926    8
52.25951436    -0.007192053806    -0.3070903777    0    1.330106881    2.457429729    8
52.36218531    -0.007071035014    -0.3063227219    0    1.310183903    2.451269532    8
52.46485626    -0.006950016222    -0.3055550661    0    1.290260924    2.445109336    8
52.56752721    -0.00682899743    -0.3047874103    0    1.270337946    2.438949139    8
52.67019816    -0.006707978638    -0.3040197545    0    1.250414967    2.432788942    8
52.77286912    -0.006586959847    -0.3032520987    0    1.230491988    2.426628745    8
52.87554007    -0.006465941055    -0.3024844429    0    1.21056901    2.420468548    8
52.97821102    -0.006344922263    -0.301716787    0    1.190646031    2.414308351    8
53.08088197    -0.006223903471    -0.3009491312    0    1.170723053    2.408148154    8
53.18355292    -0.006102884679    -0.3001814754    0    1.150800074    2.401987957    8
53.28622387    -0.005981865887    -0.2994138196    0    1.130877095    2.39582776    8
53.38889482    -0.005860847096    -0.2986461638    0    1.110954117    2.389667563    8
53.49156578    -0.005739828304    -0.297878508    0    1.091031138    2.383507366    8
53.59423673    -0.005618809512    -0.2971108522    0    1.07110816    2.377347169    8
53.69690768    -0.00549779072    -0.2963431964    0    1.051185181    2.371186972    8
53.79957863    -0.005376771928    -0.2955755406    0    1.031262203    2.365026775    8
53.90224958    -0.005255753136    -0.2948078848    0    1.011339224    2.358866578    8
54.00492053    -0.005134734345    -0.294040229    0    0.9914162454    2.352706381    8
54.10759149    -0.005013715553    -0.2932725732    0    0.9714932669    2.346546184    8
54.21026244    -0.004892696761    -0.2925049174    0    0.9515702883    2.340385987    8
54.31293339    -0.004771677969    -0.2917372616    0    0.9316473097    2.33422579    8
54.41560434    -0.004650659177    -0.2909696058    0    0.9117243311    2.328065593    8
54.51827529    -0.004529640386    -0.29020195    0    0.8918013526    2.321905396    8
54.62094624    -0.004408621594    -0.2894342942    0    0.871878374    2.315745199    8
54.7236172    -0.004299074575    -0.2885018996    0    0.8527339563    2.308273039    8
54.82628815    -0.004198749316    -0.2874370771    0    0.8342153966    2.299746237    8
54.9289591    -0.004098424058    -0.2863722547    0    0.815696837    2.291219436    8
55.03163005    -0.003998098799    -0.2853074323    0    0.7971782773    2.282692635    8
55.134301    -0.003897773541    -0.2842426098    0    0.7786597176    2.274165833    8
55.23697195    -0.003797448282    -0.2831777874    0    0.760141158    2.265639032    8
55.3396429    -0.003697123023    -0.2821129649    0    0.7416225983    2.257112231    8
55.44231386    -0.003596797765    -0.2810481425    0    0.7231040386    2.24858543    8
55.54498481    -0.003496472506    -0.2799833201    0    0.704585479    2.240058628    8
55.64765576    -0.003396147248    -0.2789184976    0    0.6860669193    2.231531827    8
55.75032671    -0.003295821989    -0.2778536752    0    0.6675483596    2.223005026    8
55.85299766    -0.003195496731    -0.2767888527    0    0.6490298    2.214478224    8
55.95566861    -0.003095171472    -0.2757240303    0    0.6305112403    2.205951423    8
56.05833957    -0.002994846213    -0.2746592079    0    0.6119926806    2.197424622    8
56.16101052    -0.002894520955    -0.2735943854    0    0.593474121    2.18889782    8
56.26368147    -0.002794195696    -0.272529563    0    0.5749555613    2.180371019    8
56.36635242    -0.002693870438    -0.2714647405    0    0.5564370016    2.171844218    8
56.46902337    -0.002593545179    -0.2703999181    0    0.537918442    2.163317416    8
56.57169432    -0.00249321992    -0.2693350957    0    0.5193998823    2.154790615    8
56.67436528    -0.002392894662    -0.2682702732    0    0.5008813226    2.146263814    8
56.77703623    -0.002292569403    -0.2672054508    0    0.482362763    2.137737013    8
56.87970718    -0.002192244145    -0.2661406283    0    0.4638442033    2.129210211    8
56.98237813    -0.002091918886    -0.2650758059    0    0.4453256437    2.12068341    8
57.08504908    -0.001991593627    -0.2640109835    0    0.426807084    2.112156609    8
57.18772003    -0.001891268369    -0.262946161    0    0.4082885243    2.103629807    8
57.29039098    -0.00179094311    -0.2618813386    0    0.3897699647    2.095103006    8
57.39306194    -0.001690617852    -0.2608165161    0    0.371251405    2.086576205    8
57.49573289    -0.001636355865    -0.2578245595    0    0.3607534912    2.062638555    8
57.59840384    -0.001585432228    -0.2546929373    0    0.3508368589    2.037584034    8
57.70107479    -0.001534508592    -0.2515613151    0    0.3409202265    2.012529512    8
57.80374574    -0.001483584955    -0.248429693    0    0.3310035941    1.98747499    8
57.90641669    -0.001432661319    -0.2452980708    0    0.3210869618    1.962420468    8
58.00908765    -0.001381737682    -0.2421664486    0    0.3111703294    1.937365946    8
58.1117586    -0.001330814046    -0.2390348265    0    0.3012536971    1.912311424    8
58.21442955    -0.001279890409    -0.2359032043    0    0.2913370647    1.887256902    8
58.3171005    -0.001228966772    -0.2327715821    0    0.2814204324    1.86220238    8
58.41977145    -0.001178043136    -0.22963996    0    0.2715038    1.837147858    8
58.5224424    -0.001127119499    -0.2265083378    0    0.2615871677    1.812093336    8
58.62511336    -0.001076195863    -0.2233767157    0    0.2516705353    1.787038815    8
58.72778431    -0.001025272226    -0.2202450935    0    0.2417539029    1.761984293    8
58.83045526    -0.0009743485897    -0.2171134713    0    0.2318372706    1.736929771    8
58.93312621    -0.0009234249532    -0.2139818492    0    0.2219206382    1.711875249    8
59.03579716    -0.0008725013166    -0.210850227    0    0.2120040059    1.686820727    8
59.13846811    -0.0008215776801    -0.2077186048    0    0.2020873735    1.661766205    8
59.24113907    -0.0007706540435    -0.2045869827    0    0.1921707412    1.636711683    8
59.34381002    -0.000719730407    -0.2014553605    0    0.1822541088    1.611657161    8
59.44648097    -0.0006688067704    -0.1983237383    0    0.1723374764    1.586602639    8
59.54915192    -0.0006178831339    -0.1951921162    0    0.1624208441    1.561548117    8
59.65182287    -0.0005669594973    -0.192060494    0    0.1525042117    1.536493596    8
59.75449382    -0.0005160358608    -0.1889288719    0    0.1425875794    1.511439074    8
59.85716477    -0.0004651122242    -0.1857972497    0    0.132670947    1.486384552    8
59.95983573    -0.0004141885877    -0.1826656275    0    0.1227543147    1.46133003    8
60.06250668    -0.0003632649511    -0.1795340054    0    0.1128376823    1.436275508    8
60.16517763    -0.00032815226    -0.1773747    0    0.106    1.419    8
60.26784858    -0.00032815226    -0.1773747    0    0.106    1.419    8
60.37051953    -0.00032815226    -0.1773747    0    0.106    1.419    8
60.47319048    -0.00032815226    -0.1773747    0    0.106    1.419    8
60.57586144    -0.00032815226    -0.1773747    0    0.106    1.419    8
60.67853239    -0.00032815226    -0.1773747    0    0.106    1.419    8
60.78120334    -0.00032815226    -0.1773747    0    0.106    1.419    8
60.88387429    -0.00032815226    -0.1773747    0    0.106    1.419    8
60.98654524    -0.00032815226    -0.1773747    0    0.106    1.419    8
61.08921619    -0.00032815226    -0.1773747    0    0.106    1.419    8
61.19188715    -0.00032815226    -0.1773747    0    0.106    1.419    8
61.2945581    -0.00032815226    -0.1773747    0    0.106    1.419    8
61.39722905    -0.00032815226    -0.1773747    0    0.106    1.419    8
61.4999    -0.00032815226    -0.1773747    0    0.106    1.419    8
